
# 
# 
# n      t1        t2
16  0.00107422  0.00157296    
32 0.00214844  0.00199498    
64  0.00433175   0.00234375    
128 0.00871931 0.00256696    
256  0.0175783  0.00296457   
512  0.0352951 0.00337612         
1024  0.0714983 0.00433175          
2048  0.141246 0.00669643          
4096  0.282493 0.0153461           
8192  0.578125 0.046875       
16384  1.17188  0.139509    
32768  2.54498  0.41715         
65536  5.30134 1.25558       
131072  11.4746 3.90625        
262144  25.6696  11.9978      
524288  59.6591  35.9375    
1048576  140.625 109.375     
2097152  367.188 335.938       
4194304  953.125  1000         
8388608  2546.88 3031.25    
16777216 7095  8953
33554432 20141 26844
